201508042015	444335775
201508042020	563
201508042025	320787123
201508042035	19575150
201508042040	134148134
201508042045	213272138
201508042050	130789578
201508042055	200585317
201508042100	312510896
201508042105	167526550
201508042110	249072993
201508042115	181554960
201508042120	311245647
201508042125	308277506
201508042130	288490048
201508042135	170119527
201508042140	177066424
201508042145	144720817
201508042150	86690666
201508042155	45072982
201508042200	50822534
201508042205	11025519
201508042210	18998101
201508042215	23833841
201508042220	19880125
201508042225	389977708
201508042230	221399161
201508042235	39662722
201508042240	7680576
201508042245	8282332
201508042250	18326276
201508042255	51919383
201508042300	211543499
201508042305	100596766
201508042310	123189597
201508042315	203632292
201508042320	220336351
201508042325	140521082
201508042330	148985656
201508042335	138032827
201508042340	147965849
201508042345	132740952
201508042350	98468422
201508042355	149832305
201508050000	126724737
201508050005	100376452
201508050010	102635250
201508050015	90872028
201508050020	75896668
201508050025	88265750
201508050030	84804153
201508050035	117151794
201508050040	173357069
201508050045	146849866
201508050050	132798794
201508050055	145599977
201508050100	147359711
201508050105	145552566
201508050110	168731656
201508050115	77635517
201508050120	34167669
201508050125	16595662
201508050130	84497
201508050135	97995
201508050140	52588715
201508050145	25336674
201508050150	43267637
201508050155	25613194
201508050200	57202936
201508050205	29906707
201508050210	29007351
201508050215	10365874
201508050220	43698414
201508050225	16939123
201508050230	346722
201508050235	541049
201508050240	32006473
201508050245	15130689
201508050250	98948421
201508050255	87239592
201508050300	92643199
201508050305	197169959
201508050310	80566202
201508050315	148287838
201508050320	235079004
201508050325	317263729
201508050330	204213785
201508050335	225935562
201508050340	194261688
201508050345	419833564
201508050350	408963250
201508050355	48510403
201508050400	146976481
201508050405	76838302
201508050410	68944776
201508050415	49199086
201508050420	58477650
201508050425	76828743
201508050430	127059023
201508050435	58512600
201508050440	30086534
201508050445	19074675
201508050450	6253314
201508050455	38699940
201508050500	107658297
201508050505	42132826
201508050510	68316760
201508050515	51460551
201508050520	85838700
201508050525	76708388
201508050530	93732102
201508050535	154464466
201508050540	248710311
201508050545	127120648
201508050550	159866208
201508050555	184271115
201508050600	208184706
201508050605	79592769
201508050610	125570758
201508050615	215803201
201508050620	116836779
201508050625	151448897
201508050630	168791592
201508050635	143969226
201508050640	451796949
201508050645	371734057
201508050650	253386926
201508050655	223458289
201508050700	177833851
201508050705	251690269
201508050710	147395039
201508050715	180841297
201508050720	209701330
201508050725	188943838
201508050730	719033059
201508050735	214376517
201508050740	96036827
201508050745	79419881
201508050750	131848597
201508050755	438250867
201508050800	124121667
201508050805	66955113
201508050810	367412076
201508050815	249971787
201508050820	259189954
201508050825	179052138
201508050830	183051777
201508050835	259165469
201508050840	305951673
201508050845	219251918
201508050850	661435037
201508050855	195894047
201508050900	81351843
201508050905	89880647
201508050910	553666521
201508050915	86398597
201508050920	148352180
201508050925	154560864
201508050930	160279933
201508050935	100831066
201508050940	277011392
201508050945	113131341
201508050950	198684524
201508050955	290612776
201508051000	334951608
201508051005	169608868
201508051010	221415169
201508051015	342717355
201508051020	341941470
201508051025	205659604
201508051030	233866467
201508051035	198786218
201508051040	203115671
201508051045	110745021
201508051050	143129495
201508051055	158698605
201508051100	143942955
